0
-1
-2
-3
-4
-2
0
2
2
0
-2
-3
-1
3
4
2
-3
-6
-3
4
7
4
-4
-9
-6
4
11
8
-4
-14
-11
4
17
14
-3
-20
-19
2
23
24
-1
-27
-29
-1
31
36
4
-36
-44
-8
41
53
12
-46
-63
-17
51
75
24
-57
-88
-32
62
103
42
-68
-120
-54
74
139
68
-80
-160
-84
85
185
104
-91
-213
-128
96
245
157
-102
-283
-192
107
328
235
-111
-382
-289
115
451
360
-119
-541
-456
122
664
593
-125
-850
-809
127
1168
1205
-129
-1856
-2181
130
4575
8965
10793
8965
4575
130
-2181
-1856
-129
1205
1168
127
-809
-850
-125
593
664
122
-456
-541
-119
360
451
115
-289
-382
-111
235
328
107
-192
-283
-102
157
245
96
-128
-213
-91
104
185
85
-84
-160
-80
68
139
74
-54
-120
-68
42
103
62
-32
-88
-57
24
75
51
-17
-63
-46
12
53
41
-8
-44
-36
4
36
31
-1
-29
-27
-1
24
23
2
-19
-20
-3
14
17
4
-11
-14
-4
8
11
4
-6
-9
-4
4
7
4
-3
-6
-3
2
4
3
-1
-3
-2
0
2
2
0
-2
-4
-3
-2
-1
0
